{
 "cells": [
  {
   "cell_type": "code",
   "execution_count": 1,
   "metadata": {
    "colab": {},
    "colab_type": "code",
    "id": "U4X2XE9sliuP"
   },
   "outputs": [],
   "source": [
    "import numpy as np\n",
    "import pandas as pd\n",
    "import math as m"
   ]
  },
  {
   "cell_type": "code",
   "execution_count": 2,
   "metadata": {
    "colab": {
     "base_uri": "https://localhost:8080/",
     "height": 437
    },
    "colab_type": "code",
    "executionInfo": {
     "elapsed": 1852,
     "status": "ok",
     "timestamp": 1583579227655,
     "user": {
      "displayName": "Sarbajit Nandy",
      "photoUrl": "https://lh3.googleusercontent.com/a-/AOh14GjXFbWdAWcYaf46byrQB0pGQ-aqgQRDVpPyxFfHAw=s64",
      "userId": "10216637972628197752"
     },
     "user_tz": -330
    },
    "id": "8E7RCGvDliuc",
    "outputId": "8d02f397-1f94-45e6-f168-2b3851c10bf2"
   },
   "outputs": [
    {
     "output_type": "execute_result",
     "data": {
      "text/plain": "Feature         0         1         2         3         4         5         6  \\\nUser                                                                            \n0       -0.023850 -0.010317  0.043563  0.033008 -0.008568 -0.062246 -0.032498   \n1        0.004085  0.001533  0.009338 -0.004281  0.003913 -0.001472  0.002720   \n2       -0.000219  0.027465 -0.013980 -0.005643  0.012661 -0.012984  0.008223   \n3       -0.132685  0.040978  0.054601 -0.244933 -0.088854 -0.155847  0.030727   \n4        0.025887 -0.005396  0.021183 -0.000720 -0.004422  0.007147  0.011078   \n\nFeature         7         8         9  ...        40        41        42  \\\nUser                                   ...                                 \n0        0.065519 -0.022356 -0.087996  ... -0.045332  0.019596 -0.004090   \n1        0.014102 -0.000041 -0.006346  ...  0.000233  0.003945  0.001471   \n2       -0.003481 -0.017689  0.022440  ...  0.008264  0.030386  0.006232   \n3       -0.030349  0.077923 -0.004483  ... -0.006016  0.018584  0.000894   \n4        0.020184 -0.007103 -0.003843  ...  0.001725  0.005426  0.004276   \n\nFeature        43        44        45        46        47        48        49  \nUser                                                                           \n0       -0.008276  0.008428  0.009293 -0.039601  0.063574 -0.047043  0.065100  \n1        0.000503  0.004477  0.000182 -0.002312 -0.001367  0.004165 -0.001497  \n2        0.007298  0.018440 -0.011802 -0.002255 -0.007778  0.007252 -0.011537  \n3       -0.046703  0.015575 -0.010407  0.005785  0.017658  0.030165 -0.022175  \n4       -0.002932  0.002457  0.005183  0.005671  0.000756  0.001015 -0.005952  \n\n[5 rows x 50 columns]",
      "text/html": "<div>\n<style scoped>\n    .dataframe tbody tr th:only-of-type {\n        vertical-align: middle;\n    }\n\n    .dataframe tbody tr th {\n        vertical-align: top;\n    }\n\n    .dataframe thead th {\n        text-align: right;\n    }\n</style>\n<table border=\"1\" class=\"dataframe\">\n  <thead>\n    <tr style=\"text-align: right;\">\n      <th>Feature</th>\n      <th>0</th>\n      <th>1</th>\n      <th>2</th>\n      <th>3</th>\n      <th>4</th>\n      <th>5</th>\n      <th>6</th>\n      <th>7</th>\n      <th>8</th>\n      <th>9</th>\n      <th>...</th>\n      <th>40</th>\n      <th>41</th>\n      <th>42</th>\n      <th>43</th>\n      <th>44</th>\n      <th>45</th>\n      <th>46</th>\n      <th>47</th>\n      <th>48</th>\n      <th>49</th>\n    </tr>\n    <tr>\n      <th>User</th>\n      <th></th>\n      <th></th>\n      <th></th>\n      <th></th>\n      <th></th>\n      <th></th>\n      <th></th>\n      <th></th>\n      <th></th>\n      <th></th>\n      <th></th>\n      <th></th>\n      <th></th>\n      <th></th>\n      <th></th>\n      <th></th>\n      <th></th>\n      <th></th>\n      <th></th>\n      <th></th>\n      <th></th>\n    </tr>\n  </thead>\n  <tbody>\n    <tr>\n      <td>0</td>\n      <td>-0.023850</td>\n      <td>-0.010317</td>\n      <td>0.043563</td>\n      <td>0.033008</td>\n      <td>-0.008568</td>\n      <td>-0.062246</td>\n      <td>-0.032498</td>\n      <td>0.065519</td>\n      <td>-0.022356</td>\n      <td>-0.087996</td>\n      <td>...</td>\n      <td>-0.045332</td>\n      <td>0.019596</td>\n      <td>-0.004090</td>\n      <td>-0.008276</td>\n      <td>0.008428</td>\n      <td>0.009293</td>\n      <td>-0.039601</td>\n      <td>0.063574</td>\n      <td>-0.047043</td>\n      <td>0.065100</td>\n    </tr>\n    <tr>\n      <td>1</td>\n      <td>0.004085</td>\n      <td>0.001533</td>\n      <td>0.009338</td>\n      <td>-0.004281</td>\n      <td>0.003913</td>\n      <td>-0.001472</td>\n      <td>0.002720</td>\n      <td>0.014102</td>\n      <td>-0.000041</td>\n      <td>-0.006346</td>\n      <td>...</td>\n      <td>0.000233</td>\n      <td>0.003945</td>\n      <td>0.001471</td>\n      <td>0.000503</td>\n      <td>0.004477</td>\n      <td>0.000182</td>\n      <td>-0.002312</td>\n      <td>-0.001367</td>\n      <td>0.004165</td>\n      <td>-0.001497</td>\n    </tr>\n    <tr>\n      <td>2</td>\n      <td>-0.000219</td>\n      <td>0.027465</td>\n      <td>-0.013980</td>\n      <td>-0.005643</td>\n      <td>0.012661</td>\n      <td>-0.012984</td>\n      <td>0.008223</td>\n      <td>-0.003481</td>\n      <td>-0.017689</td>\n      <td>0.022440</td>\n      <td>...</td>\n      <td>0.008264</td>\n      <td>0.030386</td>\n      <td>0.006232</td>\n      <td>0.007298</td>\n      <td>0.018440</td>\n      <td>-0.011802</td>\n      <td>-0.002255</td>\n      <td>-0.007778</td>\n      <td>0.007252</td>\n      <td>-0.011537</td>\n    </tr>\n    <tr>\n      <td>3</td>\n      <td>-0.132685</td>\n      <td>0.040978</td>\n      <td>0.054601</td>\n      <td>-0.244933</td>\n      <td>-0.088854</td>\n      <td>-0.155847</td>\n      <td>0.030727</td>\n      <td>-0.030349</td>\n      <td>0.077923</td>\n      <td>-0.004483</td>\n      <td>...</td>\n      <td>-0.006016</td>\n      <td>0.018584</td>\n      <td>0.000894</td>\n      <td>-0.046703</td>\n      <td>0.015575</td>\n      <td>-0.010407</td>\n      <td>0.005785</td>\n      <td>0.017658</td>\n      <td>0.030165</td>\n      <td>-0.022175</td>\n    </tr>\n    <tr>\n      <td>4</td>\n      <td>0.025887</td>\n      <td>-0.005396</td>\n      <td>0.021183</td>\n      <td>-0.000720</td>\n      <td>-0.004422</td>\n      <td>0.007147</td>\n      <td>0.011078</td>\n      <td>0.020184</td>\n      <td>-0.007103</td>\n      <td>-0.003843</td>\n      <td>...</td>\n      <td>0.001725</td>\n      <td>0.005426</td>\n      <td>0.004276</td>\n      <td>-0.002932</td>\n      <td>0.002457</td>\n      <td>0.005183</td>\n      <td>0.005671</td>\n      <td>0.000756</td>\n      <td>0.001015</td>\n      <td>-0.005952</td>\n    </tr>\n  </tbody>\n</table>\n<p>5 rows × 50 columns</p>\n</div>"
     },
     "metadata": {},
     "execution_count": 2
    }
   ],
   "source": [
    "UserRatings = pd.read_csv('UserFeature/user_features.csv',index_col = 0)\n",
    "UserRatings.columns.name = 'Feature'\n",
    "UserRatings.head()"
   ]
  },
  {
   "cell_type": "code",
   "execution_count": 3,
   "metadata": {
    "colab": {
     "base_uri": "https://localhost:8080/",
     "height": 34
    },
    "colab_type": "code",
    "executionInfo": {
     "elapsed": 1083,
     "status": "ok",
     "timestamp": 1583579232694,
     "user": {
      "displayName": "Sarbajit Nandy",
      "photoUrl": "https://lh3.googleusercontent.com/a-/AOh14GjXFbWdAWcYaf46byrQB0pGQ-aqgQRDVpPyxFfHAw=s64",
      "userId": "10216637972628197752"
     },
     "user_tz": -330
    },
    "id": "qugnVDKWliul",
    "outputId": "37694509-a12a-4279-f485-fb80cb6612a9"
   },
   "outputs": [
    {
     "output_type": "stream",
     "name": "stdout",
     "text": "610 50\n"
    }
   ],
   "source": [
    "userID = UserRatings.index\n",
    "n,m = UserRatings.shape\n",
    "print(n,m)"
   ]
  },
  {
   "cell_type": "code",
   "execution_count": 4,
   "metadata": {
    "colab": {},
    "colab_type": "code",
    "id": "LvhrbLEqWkXJ"
   },
   "outputs": [],
   "source": [
    "def intersection(a,b):\n",
    "    a = a.dropna()\n",
    "    b = b.dropna()\n",
    "    s = tuple(pd.Series(np.intersect1d(a.keys(),b.keys())))\n",
    "    return s"
   ]
  },
  {
   "cell_type": "code",
   "execution_count": 5,
   "metadata": {
    "colab": {},
    "colab_type": "code",
    "id": "vv0hhP3t1ee4"
   },
   "outputs": [],
   "source": [
    "def union(bookRatingsI, bookRatingsJ):\n",
    "    first = bookRatingsI.dropna()\n",
    "    second = bookRatingsJ.dropna()\n",
    "\n",
    "    bkI = set(first.keys())\n",
    "    bkJ = set(second.keys())\n",
    "\n",
    "    b = bkI.union(bkJ)\n",
    "\n",
    "    # print(len(bkI), len(bkJ), len(b))\n",
    "    return len(b)"
   ]
  },
  {
   "cell_type": "code",
   "execution_count": 18,
   "metadata": {
    "colab": {
     "base_uri": "https://localhost:8080/",
     "height": 1000
    },
    "colab_type": "code",
    "executionInfo": {
     "elapsed": 3164,
     "status": "ok",
     "timestamp": 1583582154965,
     "user": {
      "displayName": "Sarbajit Nandy",
      "photoUrl": "https://lh3.googleusercontent.com/a-/AOh14GjXFbWdAWcYaf46byrQB0pGQ-aqgQRDVpPyxFfHAw=s64",
      "userId": "10216637972628197752"
     },
     "user_tz": -330
    },
    "id": "ih1AabD5liut",
    "outputId": "8a8d552e-2ad6-4d44-ebb1-35ff247f7e97"
   },
   "outputs": [
    {
     "output_type": "stream",
     "name": "stdout",
     "text": "0\n10\n20\n30\n40\n50\n60\n70\n80\n90\n100\n110\n120\n130\n140\n150\n160\n170\n180\n190\n200\n210\n220\n230\n240\n250\n260\n270\n280\n290\n300\n310\n320\n330\n340\n350\n360\n370\n380\n390\n400\n410\n420\n430\n440\n450\n460\n470\n480\n490\n500\n510\n520\n530\n540\n550\n560\n570\n580\n590\n600\n[[1.         0.95606526 0.95062397 ... 0.86276309 0.95677733 0.86861642]\n [0.95606526 1.         0.98495171 ... 0.88180117 0.99343779 0.87946228]\n [0.95062397 0.98495171 1.         ... 0.88095797 0.98356174 0.87850385]\n ...\n [0.86276309 0.88180117 0.88095797 ... 1.         0.88213509 0.83882971]\n [0.95677733 0.99343779 0.98356174 ... 0.88213509 1.         0.87754583]\n [0.86861642 0.87946228 0.87850385 ... 0.83882971 0.87754583 1.        ]]\n*********\n[[1.   0.78 0.78 ... 0.34 0.78 0.32]\n [0.78 1.   1.   ... 0.48 1.   0.42]\n [0.78 1.   1.   ... 0.46 1.   0.36]\n ...\n [0.34 0.48 0.46 ... 1.   0.46 0.34]\n [0.78 1.   1.   ... 0.46 1.   0.42]\n [0.32 0.42 0.36 ... 0.34 0.42 1.  ]]\n*************\n[[1.         0.99716711 0.99646873 ... 0.96982226 0.99713161 0.97076321]\n [0.99716711 1.         0.99964604 ... 0.9740441  0.99993177 0.97581671]\n [0.99646873 0.99964604 1.         ... 0.97408349 0.99961756 0.97604117]\n ...\n [0.96982226 0.9740441  0.97408349 ... 1.         0.97448924 0.95120277]\n [0.99713161 0.99993177 0.99961756 ... 0.97448924 1.         0.97480477]\n [0.97076321 0.97581671 0.97604117 ... 0.95120277 0.97480477 1.        ]]\n********\n[[1.         0.14439251 1.         ... 1.         0.08880977 1.        ]\n [0.14439251 1.         0.08723195 ... 1.         0.58276028 0.54328533]\n [1.         0.08723195 1.         ... 0.05352201 0.0072798  0.37829086]\n ...\n [1.         1.         0.05352201 ... 1.         0.21322278 0.07272766]\n [0.08880977 0.58276028 0.0072798  ... 0.21322278 1.         1.        ]\n [1.         0.54328533 0.37829086 ... 0.07272766 1.         1.        ]]\n*****************\n[[1.         0.71940622 0.93177318 ... 0.79314634 0.70567968 0.78984491]\n [0.71940622 1.         0.76795743 ... 0.83396132 0.89403246 0.70464108]\n [0.93177318 0.76795743 1.         ... 0.59214087 0.74761478 0.64820897]\n ...\n [0.79314634 0.83396132 0.59214087 ... 1.         0.63246178 0.55069003]\n [0.70567968 0.89403246 0.74761478 ... 0.63246178 1.         0.81808765]\n [0.78984491 0.70464108 0.64820897 ... 0.55069003 0.81808765 1.        ]]\n"
    }
   ],
   "source": [
    "Lathia_Trust = np.zeros((n,n))\n",
    "Donovan_Trust = np.zeros((n,n))\n",
    "Shambour_Trust = np.zeros((n,n))\n",
    "BediSharma_Trust = np.zeros((n,n))\n",
    "Average_Trust = np.zeros((n,n))\n",
    "maxRateNorm = UserRatings.max().max()\n",
    "\n",
    "for i in range(n):\n",
    "    if i%10==0: print(i)\n",
    "    Lathia_Trust[i][i]=1\n",
    "    Donovan_Trust[i][i] = 1\n",
    "    Shambour_Trust[i][i] = 1\n",
    "    BediSharma_Trust[i][i] = 1\n",
    "    Average_Trust[i][i] = 1\n",
    "    trust,totalTrust=0,0\n",
    "    \n",
    "    bookRatingsI =  UserRatings.xs((userID[i]))\n",
    "    for j in range(i+1,n):\n",
    "        bookRatingsJ =  UserRatings.xs((userID[j]))\n",
    "        \n",
    "        #Lathia et all trust\n",
    "        d = 1 - (abs(bookRatingsI-bookRatingsJ))/maxRateNorm\n",
    "        d = d.dropna()\n",
    "        if (len(d)!= 0):\n",
    "            trust = sum(d) / len(d)\n",
    "        # print(trust)\n",
    "        Lathia_Trust[i][j] = trust\n",
    "        Lathia_Trust[j][i] = trust\n",
    "        totalTrust += trust\n",
    "        trust = 0\n",
    "        \n",
    "        #Donovan and Smyth trust\n",
    "        avgu = bookRatingsI.mean(axis = 0)\n",
    "        avgv = bookRatingsJ.mean(axis = 0)\n",
    "        correct = 0\n",
    "        total = 0\n",
    "        totalrating = 0\n",
    "        s = intersection(bookRatingsI, bookRatingsJ)\n",
    "        for k in s:\n",
    "            u = float(bookRatingsI[k])\n",
    "            v = float(bookRatingsJ[k])\n",
    "            predictedU = avgu + (v - avgv)\n",
    "            if abs(predictedU-u) <= 0.06:\n",
    "                correct += 1\n",
    "        total = len(s)\n",
    "        if total == 0:\n",
    "            trust = 0;\n",
    "        else:\n",
    "            trust = correct/total\n",
    "        Donovan_Trust[i][j] = trust\n",
    "        Donovan_Trust[j][i] = trust\n",
    "        totalTrust += trust\n",
    "        trust = 0\n",
    "        \n",
    "        #Shambour and Lu trust\n",
    "        predictedI = avgu + (bookRatingsJ -avgv)\n",
    "        val = (abs(predictedI-bookRatingsI)/maxRateNorm)**2\n",
    "        val = val.dropna()\n",
    "        if len(val)!=0:\n",
    "            inte = (1 - (sum(val)/len(val)))\n",
    "            x=len(intersection(bookRatingsI, bookRatingsJ))\n",
    "            trust = (len(val)/x)*inte\n",
    "        Shambour_Trust[i][j] = trust\n",
    "        Shambour_Trust[j][i] = trust\n",
    "        totalTrust += trust\n",
    "        trust = 0\n",
    "        \n",
    "#       Bedi and Sharma Trust\n",
    "        k=1\n",
    "        Ru = bookRatingsI\n",
    "        Rv = bookRatingsJ\n",
    "        nmtr = sum(((Ru-avgu)*(Rv-avgv)).dropna())\n",
    "        dmtr = (sum(((bookRatingsI-avgu)**2).dropna())**(1/2))*(sum(((bookRatingsJ-avgv)**2).dropna())**(1/2))\n",
    "        iUV = len(intersection(Ru, Rv))\n",
    "        iU = len(Ru.dropna())\n",
    "        cUV = iUV/iU\n",
    "        if dmtr == 0:\n",
    "            sUV = 0\n",
    "        else:\n",
    "            sUV = nmtr/dmtr\n",
    "        if sUV < 0.0:\n",
    "            sUV = 0\n",
    "        if cUV!=0:\n",
    "            if sUV!=0:\n",
    "                trust = 2*sUV*cUV / (sUV+cUV)\n",
    "            else:\n",
    "                trust = k*cUV\n",
    "        else:\n",
    "            trust = 0\n",
    "        BediSharma_Trust[i][j] = trust\n",
    "        BediSharma_Trust[j][i] = trust\n",
    "        totalTrust += trust\n",
    "        trust = 0\n",
    "        \n",
    "        #Average of all types of trust\n",
    "        Average_Trust[i][j] = Average_Trust[j][i] = totalTrust/4\n",
    "        totalTrust = 0\n",
    "        \n",
    "print(Lathia_Trust)\n",
    "print('*********')\n",
    "print(Donovan_Trust)\n",
    "print('*************')\n",
    "print(Shambour_Trust)\n",
    "print('********')\n",
    "print(BediSharma_Trust)\n",
    "print('*****************')\n",
    "print(Average_Trust)"
   ]
  },
  {
   "cell_type": "code",
   "execution_count": 19,
   "metadata": {
    "colab": {},
    "colab_type": "code",
    "id": "qNRNGHrmliu7",
    "outputId": "d6bb2244-3dbe-462f-f0bb-6230157d63ea"
   },
   "outputs": [
    {
     "output_type": "execute_result",
     "data": {
      "text/plain": "User       0         1         2         3         4         5         6    \\\nUser                                                                         \n0     1.000000  0.956065  0.950624  0.933443  0.955311  0.935171  0.947447   \n1     0.956065  1.000000  0.984952  0.943062  0.992739  0.961275  0.969691   \n2     0.950624  0.984952  1.000000  0.939537  0.982064  0.962612  0.967152   \n3     0.933443  0.943062  0.939537  1.000000  0.942147  0.933282  0.945514   \n4     0.955311  0.992739  0.982064  0.942147  1.000000  0.958175  0.971257   \n5     0.935171  0.961275  0.962612  0.933282  0.958175  1.000000  0.952328   \n6     0.947447  0.969691  0.967152  0.945514  0.971257  0.952328  1.000000   \n7     0.955610  0.989979  0.982562  0.942708  0.988216  0.958823  0.970407   \n8     0.956515  0.991489  0.984542  0.941712  0.988686  0.961947  0.970172   \n9     0.951000  0.967012  0.967022  0.945192  0.964925  0.950970  0.954359   \n10    0.955675  0.987987  0.980970  0.942710  0.984624  0.963817  0.971661   \n11    0.956558  0.992423  0.983281  0.942685  0.989629  0.962781  0.969430   \n12    0.956697  0.991986  0.985446  0.940892  0.988754  0.962071  0.969652   \n13    0.954901  0.991770  0.985087  0.942601  0.989032  0.961633  0.971454   \n14    0.950677  0.965304  0.962440  0.936423  0.962800  0.947604  0.953023   \n15    0.951499  0.987292  0.984044  0.945550  0.984083  0.963762  0.963863   \n16    0.957891  0.985136  0.978254  0.938450  0.983558  0.959919  0.969704   \n17    0.955231  0.977997  0.976577  0.939346  0.977694  0.954380  0.965071   \n18    0.872509  0.873125  0.872112  0.856104  0.873126  0.863033  0.871373   \n19    0.948176  0.965474  0.959907  0.929396  0.967046  0.953928  0.957204   \n\nUser       7         8         9    ...       600       601       602  \\\nUser                                ...                                 \n0     0.955610  0.956515  0.951000  ...  0.952706  0.956222  0.892977   \n1     0.989979  0.991489  0.967012  ...  0.981343  0.980449  0.911061   \n2     0.982562  0.984542  0.967022  ...  0.976033  0.977162  0.912245   \n3     0.942708  0.941712  0.945192  ...  0.938128  0.940445  0.875795   \n4     0.988216  0.988686  0.964925  ...  0.980996  0.978609  0.910874   \n5     0.958823  0.961947  0.950970  ...  0.957294  0.956356  0.893224   \n6     0.970407  0.970172  0.954359  ...  0.969003  0.967771  0.899472   \n7     1.000000  0.991341  0.964855  ...  0.984422  0.980718  0.910438   \n8     0.991341  1.000000  0.965943  ...  0.984067  0.982639  0.913081   \n9     0.964855  0.965943  1.000000  ...  0.957601  0.964553  0.904967   \n10    0.987124  0.987248  0.966008  ...  0.979659  0.980713  0.909109   \n11    0.990467  0.991195  0.965632  ...  0.983866  0.982558  0.910591   \n12    0.991991  0.993213  0.965422  ...  0.984913  0.984701  0.913558   \n13    0.987586  0.990157  0.967565  ...  0.982763  0.979721  0.910367   \n14    0.967106  0.965892  0.963625  ...  0.956418  0.967170  0.910775   \n15    0.981903  0.984578  0.969777  ...  0.974510  0.975703  0.910829   \n16    0.986355  0.987136  0.963763  ...  0.983916  0.980260  0.912636   \n17    0.979515  0.981306  0.961849  ...  0.980868  0.977027  0.910034   \n18    0.874852  0.873618  0.870859  ...  0.874628  0.874121  0.842298   \n19    0.964714  0.967332  0.948865  ...  0.964610  0.961315  0.904199   \n\nUser       603       604       605       606       607       608       609  \nUser                                                                        \n0     0.955143  0.955478  0.875663  0.946263  0.862763  0.956777  0.868616  \n1     0.989776  0.985194  0.884641  0.972703  0.881801  0.993438  0.879462  \n2     0.982741  0.981051  0.877504  0.970624  0.880958  0.983562  0.878504  \n3     0.940516  0.944245  0.861921  0.937839  0.869300  0.942816  0.859028  \n4     0.988742  0.983612  0.885223  0.968806  0.878676  0.991299  0.876566  \n5     0.960771  0.957476  0.870982  0.964310  0.877146  0.958831  0.871500  \n6     0.970224  0.971746  0.874785  0.963980  0.868191  0.970577  0.869769  \n7     0.989398  0.985379  0.884664  0.972132  0.880570  0.990331  0.877277  \n8     0.989018  0.987613  0.885536  0.972573  0.880641  0.990955  0.879362  \n9     0.967098  0.966466  0.874367  0.957796  0.872919  0.965275  0.872257  \n10    0.987076  0.983338  0.883237  0.978039  0.881318  0.986644  0.877347  \n11    0.991115  0.985494  0.883854  0.974148  0.880574  0.990658  0.877218  \n12    0.990377  0.985343  0.882944  0.975063  0.881474  0.989870  0.878616  \n13    0.989285  0.985258  0.884071  0.976180  0.881474  0.991051  0.878036  \n14    0.967628  0.964410  0.875210  0.958776  0.880127  0.965102  0.870873  \n15    0.982184  0.979545  0.879096  0.972140  0.882062  0.986064  0.875897  \n16    0.986234  0.981306  0.883416  0.971996  0.878600  0.983747  0.878770  \n17    0.980581  0.977486  0.882901  0.972379  0.879630  0.979205  0.873176  \n18    0.872438  0.871808  0.822140  0.867223  0.827814  0.873340  0.833606  \n19    0.962162  0.961285  0.883220  0.957243  0.873119  0.964426  0.870519  \n\n[20 rows x 610 columns]",
      "text/html": "<div>\n<style scoped>\n    .dataframe tbody tr th:only-of-type {\n        vertical-align: middle;\n    }\n\n    .dataframe tbody tr th {\n        vertical-align: top;\n    }\n\n    .dataframe thead th {\n        text-align: right;\n    }\n</style>\n<table border=\"1\" class=\"dataframe\">\n  <thead>\n    <tr style=\"text-align: right;\">\n      <th>User</th>\n      <th>0</th>\n      <th>1</th>\n      <th>2</th>\n      <th>3</th>\n      <th>4</th>\n      <th>5</th>\n      <th>6</th>\n      <th>7</th>\n      <th>8</th>\n      <th>9</th>\n      <th>...</th>\n      <th>600</th>\n      <th>601</th>\n      <th>602</th>\n      <th>603</th>\n      <th>604</th>\n      <th>605</th>\n      <th>606</th>\n      <th>607</th>\n      <th>608</th>\n      <th>609</th>\n    </tr>\n    <tr>\n      <th>User</th>\n      <th></th>\n      <th></th>\n      <th></th>\n      <th></th>\n      <th></th>\n      <th></th>\n      <th></th>\n      <th></th>\n      <th></th>\n      <th></th>\n      <th></th>\n      <th></th>\n      <th></th>\n      <th></th>\n      <th></th>\n      <th></th>\n      <th></th>\n      <th></th>\n      <th></th>\n      <th></th>\n      <th></th>\n    </tr>\n  </thead>\n  <tbody>\n    <tr>\n      <td>0</td>\n      <td>1.000000</td>\n      <td>0.956065</td>\n      <td>0.950624</td>\n      <td>0.933443</td>\n      <td>0.955311</td>\n      <td>0.935171</td>\n      <td>0.947447</td>\n      <td>0.955610</td>\n      <td>0.956515</td>\n      <td>0.951000</td>\n      <td>...</td>\n      <td>0.952706</td>\n      <td>0.956222</td>\n      <td>0.892977</td>\n      <td>0.955143</td>\n      <td>0.955478</td>\n      <td>0.875663</td>\n      <td>0.946263</td>\n      <td>0.862763</td>\n      <td>0.956777</td>\n      <td>0.868616</td>\n    </tr>\n    <tr>\n      <td>1</td>\n      <td>0.956065</td>\n      <td>1.000000</td>\n      <td>0.984952</td>\n      <td>0.943062</td>\n      <td>0.992739</td>\n      <td>0.961275</td>\n      <td>0.969691</td>\n      <td>0.989979</td>\n      <td>0.991489</td>\n      <td>0.967012</td>\n      <td>...</td>\n      <td>0.981343</td>\n      <td>0.980449</td>\n      <td>0.911061</td>\n      <td>0.989776</td>\n      <td>0.985194</td>\n      <td>0.884641</td>\n      <td>0.972703</td>\n      <td>0.881801</td>\n      <td>0.993438</td>\n      <td>0.879462</td>\n    </tr>\n    <tr>\n      <td>2</td>\n      <td>0.950624</td>\n      <td>0.984952</td>\n      <td>1.000000</td>\n      <td>0.939537</td>\n      <td>0.982064</td>\n      <td>0.962612</td>\n      <td>0.967152</td>\n      <td>0.982562</td>\n      <td>0.984542</td>\n      <td>0.967022</td>\n      <td>...</td>\n      <td>0.976033</td>\n      <td>0.977162</td>\n      <td>0.912245</td>\n      <td>0.982741</td>\n      <td>0.981051</td>\n      <td>0.877504</td>\n      <td>0.970624</td>\n      <td>0.880958</td>\n      <td>0.983562</td>\n      <td>0.878504</td>\n    </tr>\n    <tr>\n      <td>3</td>\n      <td>0.933443</td>\n      <td>0.943062</td>\n      <td>0.939537</td>\n      <td>1.000000</td>\n      <td>0.942147</td>\n      <td>0.933282</td>\n      <td>0.945514</td>\n      <td>0.942708</td>\n      <td>0.941712</td>\n      <td>0.945192</td>\n      <td>...</td>\n      <td>0.938128</td>\n      <td>0.940445</td>\n      <td>0.875795</td>\n      <td>0.940516</td>\n      <td>0.944245</td>\n      <td>0.861921</td>\n      <td>0.937839</td>\n      <td>0.869300</td>\n      <td>0.942816</td>\n      <td>0.859028</td>\n    </tr>\n    <tr>\n      <td>4</td>\n      <td>0.955311</td>\n      <td>0.992739</td>\n      <td>0.982064</td>\n      <td>0.942147</td>\n      <td>1.000000</td>\n      <td>0.958175</td>\n      <td>0.971257</td>\n      <td>0.988216</td>\n      <td>0.988686</td>\n      <td>0.964925</td>\n      <td>...</td>\n      <td>0.980996</td>\n      <td>0.978609</td>\n      <td>0.910874</td>\n      <td>0.988742</td>\n      <td>0.983612</td>\n      <td>0.885223</td>\n      <td>0.968806</td>\n      <td>0.878676</td>\n      <td>0.991299</td>\n      <td>0.876566</td>\n    </tr>\n    <tr>\n      <td>5</td>\n      <td>0.935171</td>\n      <td>0.961275</td>\n      <td>0.962612</td>\n      <td>0.933282</td>\n      <td>0.958175</td>\n      <td>1.000000</td>\n      <td>0.952328</td>\n      <td>0.958823</td>\n      <td>0.961947</td>\n      <td>0.950970</td>\n      <td>...</td>\n      <td>0.957294</td>\n      <td>0.956356</td>\n      <td>0.893224</td>\n      <td>0.960771</td>\n      <td>0.957476</td>\n      <td>0.870982</td>\n      <td>0.964310</td>\n      <td>0.877146</td>\n      <td>0.958831</td>\n      <td>0.871500</td>\n    </tr>\n    <tr>\n      <td>6</td>\n      <td>0.947447</td>\n      <td>0.969691</td>\n      <td>0.967152</td>\n      <td>0.945514</td>\n      <td>0.971257</td>\n      <td>0.952328</td>\n      <td>1.000000</td>\n      <td>0.970407</td>\n      <td>0.970172</td>\n      <td>0.954359</td>\n      <td>...</td>\n      <td>0.969003</td>\n      <td>0.967771</td>\n      <td>0.899472</td>\n      <td>0.970224</td>\n      <td>0.971746</td>\n      <td>0.874785</td>\n      <td>0.963980</td>\n      <td>0.868191</td>\n      <td>0.970577</td>\n      <td>0.869769</td>\n    </tr>\n    <tr>\n      <td>7</td>\n      <td>0.955610</td>\n      <td>0.989979</td>\n      <td>0.982562</td>\n      <td>0.942708</td>\n      <td>0.988216</td>\n      <td>0.958823</td>\n      <td>0.970407</td>\n      <td>1.000000</td>\n      <td>0.991341</td>\n      <td>0.964855</td>\n      <td>...</td>\n      <td>0.984422</td>\n      <td>0.980718</td>\n      <td>0.910438</td>\n      <td>0.989398</td>\n      <td>0.985379</td>\n      <td>0.884664</td>\n      <td>0.972132</td>\n      <td>0.880570</td>\n      <td>0.990331</td>\n      <td>0.877277</td>\n    </tr>\n    <tr>\n      <td>8</td>\n      <td>0.956515</td>\n      <td>0.991489</td>\n      <td>0.984542</td>\n      <td>0.941712</td>\n      <td>0.988686</td>\n      <td>0.961947</td>\n      <td>0.970172</td>\n      <td>0.991341</td>\n      <td>1.000000</td>\n      <td>0.965943</td>\n      <td>...</td>\n      <td>0.984067</td>\n      <td>0.982639</td>\n      <td>0.913081</td>\n      <td>0.989018</td>\n      <td>0.987613</td>\n      <td>0.885536</td>\n      <td>0.972573</td>\n      <td>0.880641</td>\n      <td>0.990955</td>\n      <td>0.879362</td>\n    </tr>\n    <tr>\n      <td>9</td>\n      <td>0.951000</td>\n      <td>0.967012</td>\n      <td>0.967022</td>\n      <td>0.945192</td>\n      <td>0.964925</td>\n      <td>0.950970</td>\n      <td>0.954359</td>\n      <td>0.964855</td>\n      <td>0.965943</td>\n      <td>1.000000</td>\n      <td>...</td>\n      <td>0.957601</td>\n      <td>0.964553</td>\n      <td>0.904967</td>\n      <td>0.967098</td>\n      <td>0.966466</td>\n      <td>0.874367</td>\n      <td>0.957796</td>\n      <td>0.872919</td>\n      <td>0.965275</td>\n      <td>0.872257</td>\n    </tr>\n    <tr>\n      <td>10</td>\n      <td>0.955675</td>\n      <td>0.987987</td>\n      <td>0.980970</td>\n      <td>0.942710</td>\n      <td>0.984624</td>\n      <td>0.963817</td>\n      <td>0.971661</td>\n      <td>0.987124</td>\n      <td>0.987248</td>\n      <td>0.966008</td>\n      <td>...</td>\n      <td>0.979659</td>\n      <td>0.980713</td>\n      <td>0.909109</td>\n      <td>0.987076</td>\n      <td>0.983338</td>\n      <td>0.883237</td>\n      <td>0.978039</td>\n      <td>0.881318</td>\n      <td>0.986644</td>\n      <td>0.877347</td>\n    </tr>\n    <tr>\n      <td>11</td>\n      <td>0.956558</td>\n      <td>0.992423</td>\n      <td>0.983281</td>\n      <td>0.942685</td>\n      <td>0.989629</td>\n      <td>0.962781</td>\n      <td>0.969430</td>\n      <td>0.990467</td>\n      <td>0.991195</td>\n      <td>0.965632</td>\n      <td>...</td>\n      <td>0.983866</td>\n      <td>0.982558</td>\n      <td>0.910591</td>\n      <td>0.991115</td>\n      <td>0.985494</td>\n      <td>0.883854</td>\n      <td>0.974148</td>\n      <td>0.880574</td>\n      <td>0.990658</td>\n      <td>0.877218</td>\n    </tr>\n    <tr>\n      <td>12</td>\n      <td>0.956697</td>\n      <td>0.991986</td>\n      <td>0.985446</td>\n      <td>0.940892</td>\n      <td>0.988754</td>\n      <td>0.962071</td>\n      <td>0.969652</td>\n      <td>0.991991</td>\n      <td>0.993213</td>\n      <td>0.965422</td>\n      <td>...</td>\n      <td>0.984913</td>\n      <td>0.984701</td>\n      <td>0.913558</td>\n      <td>0.990377</td>\n      <td>0.985343</td>\n      <td>0.882944</td>\n      <td>0.975063</td>\n      <td>0.881474</td>\n      <td>0.989870</td>\n      <td>0.878616</td>\n    </tr>\n    <tr>\n      <td>13</td>\n      <td>0.954901</td>\n      <td>0.991770</td>\n      <td>0.985087</td>\n      <td>0.942601</td>\n      <td>0.989032</td>\n      <td>0.961633</td>\n      <td>0.971454</td>\n      <td>0.987586</td>\n      <td>0.990157</td>\n      <td>0.967565</td>\n      <td>...</td>\n      <td>0.982763</td>\n      <td>0.979721</td>\n      <td>0.910367</td>\n      <td>0.989285</td>\n      <td>0.985258</td>\n      <td>0.884071</td>\n      <td>0.976180</td>\n      <td>0.881474</td>\n      <td>0.991051</td>\n      <td>0.878036</td>\n    </tr>\n    <tr>\n      <td>14</td>\n      <td>0.950677</td>\n      <td>0.965304</td>\n      <td>0.962440</td>\n      <td>0.936423</td>\n      <td>0.962800</td>\n      <td>0.947604</td>\n      <td>0.953023</td>\n      <td>0.967106</td>\n      <td>0.965892</td>\n      <td>0.963625</td>\n      <td>...</td>\n      <td>0.956418</td>\n      <td>0.967170</td>\n      <td>0.910775</td>\n      <td>0.967628</td>\n      <td>0.964410</td>\n      <td>0.875210</td>\n      <td>0.958776</td>\n      <td>0.880127</td>\n      <td>0.965102</td>\n      <td>0.870873</td>\n    </tr>\n    <tr>\n      <td>15</td>\n      <td>0.951499</td>\n      <td>0.987292</td>\n      <td>0.984044</td>\n      <td>0.945550</td>\n      <td>0.984083</td>\n      <td>0.963762</td>\n      <td>0.963863</td>\n      <td>0.981903</td>\n      <td>0.984578</td>\n      <td>0.969777</td>\n      <td>...</td>\n      <td>0.974510</td>\n      <td>0.975703</td>\n      <td>0.910829</td>\n      <td>0.982184</td>\n      <td>0.979545</td>\n      <td>0.879096</td>\n      <td>0.972140</td>\n      <td>0.882062</td>\n      <td>0.986064</td>\n      <td>0.875897</td>\n    </tr>\n    <tr>\n      <td>16</td>\n      <td>0.957891</td>\n      <td>0.985136</td>\n      <td>0.978254</td>\n      <td>0.938450</td>\n      <td>0.983558</td>\n      <td>0.959919</td>\n      <td>0.969704</td>\n      <td>0.986355</td>\n      <td>0.987136</td>\n      <td>0.963763</td>\n      <td>...</td>\n      <td>0.983916</td>\n      <td>0.980260</td>\n      <td>0.912636</td>\n      <td>0.986234</td>\n      <td>0.981306</td>\n      <td>0.883416</td>\n      <td>0.971996</td>\n      <td>0.878600</td>\n      <td>0.983747</td>\n      <td>0.878770</td>\n    </tr>\n    <tr>\n      <td>17</td>\n      <td>0.955231</td>\n      <td>0.977997</td>\n      <td>0.976577</td>\n      <td>0.939346</td>\n      <td>0.977694</td>\n      <td>0.954380</td>\n      <td>0.965071</td>\n      <td>0.979515</td>\n      <td>0.981306</td>\n      <td>0.961849</td>\n      <td>...</td>\n      <td>0.980868</td>\n      <td>0.977027</td>\n      <td>0.910034</td>\n      <td>0.980581</td>\n      <td>0.977486</td>\n      <td>0.882901</td>\n      <td>0.972379</td>\n      <td>0.879630</td>\n      <td>0.979205</td>\n      <td>0.873176</td>\n    </tr>\n    <tr>\n      <td>18</td>\n      <td>0.872509</td>\n      <td>0.873125</td>\n      <td>0.872112</td>\n      <td>0.856104</td>\n      <td>0.873126</td>\n      <td>0.863033</td>\n      <td>0.871373</td>\n      <td>0.874852</td>\n      <td>0.873618</td>\n      <td>0.870859</td>\n      <td>...</td>\n      <td>0.874628</td>\n      <td>0.874121</td>\n      <td>0.842298</td>\n      <td>0.872438</td>\n      <td>0.871808</td>\n      <td>0.822140</td>\n      <td>0.867223</td>\n      <td>0.827814</td>\n      <td>0.873340</td>\n      <td>0.833606</td>\n    </tr>\n    <tr>\n      <td>19</td>\n      <td>0.948176</td>\n      <td>0.965474</td>\n      <td>0.959907</td>\n      <td>0.929396</td>\n      <td>0.967046</td>\n      <td>0.953928</td>\n      <td>0.957204</td>\n      <td>0.964714</td>\n      <td>0.967332</td>\n      <td>0.948865</td>\n      <td>...</td>\n      <td>0.964610</td>\n      <td>0.961315</td>\n      <td>0.904199</td>\n      <td>0.962162</td>\n      <td>0.961285</td>\n      <td>0.883220</td>\n      <td>0.957243</td>\n      <td>0.873119</td>\n      <td>0.964426</td>\n      <td>0.870519</td>\n    </tr>\n  </tbody>\n</table>\n<p>20 rows × 610 columns</p>\n</div>"
     },
     "metadata": {},
     "execution_count": 19
    }
   ],
   "source": [
    "Lathia_Et_al = pd.DataFrame(data = Lathia_Trust, index= userID,columns = userID )\n",
    "Lathia_Et_al.head(20)"
   ]
  },
  {
   "cell_type": "code",
   "execution_count": 20,
   "metadata": {
    "colab": {},
    "colab_type": "code",
    "id": "CdgE2B9rlivG",
    "outputId": "3f0b1b69-066d-4dda-deb3-47a1dc0920f0"
   },
   "outputs": [
    {
     "output_type": "execute_result",
     "data": {
      "text/plain": "User   0     1     2     3     4     5     6     7     8     9    ...   600  \\\nUser                                                              ...         \n0     1.00  0.78  0.78  0.58  0.80  0.64  0.78  0.76  0.78  0.78  ...  0.74   \n1     0.78  1.00  1.00  0.70  1.00  0.84  0.94  1.00  1.00  0.92  ...  1.00   \n2     0.78  1.00  1.00  0.68  1.00  0.80  0.92  1.00  1.00  0.90  ...  1.00   \n3     0.58  0.70  0.68  1.00  0.70  0.66  0.76  0.68  0.68  0.74  ...  0.64   \n4     0.80  1.00  1.00  0.70  1.00  0.82  0.94  1.00  1.00  0.90  ...  0.98   \n5     0.64  0.84  0.80  0.66  0.82  1.00  0.76  0.82  0.82  0.80  ...  0.80   \n6     0.78  0.94  0.92  0.76  0.94  0.76  1.00  0.96  0.96  0.80  ...  0.92   \n7     0.76  1.00  1.00  0.68  1.00  0.82  0.96  1.00  1.00  0.90  ...  1.00   \n8     0.78  1.00  1.00  0.68  1.00  0.82  0.96  1.00  1.00  0.94  ...  1.00   \n9     0.78  0.92  0.90  0.74  0.90  0.80  0.80  0.90  0.94  1.00  ...  0.84   \n10    0.84  1.00  1.00  0.72  1.00  0.86  0.94  1.00  1.00  0.90  ...  1.00   \n11    0.78  1.00  1.00  0.70  1.00  0.84  0.94  1.00  1.00  0.88  ...  1.00   \n12    0.80  1.00  1.00  0.68  1.00  0.84  0.96  1.00  1.00  0.90  ...  1.00   \n13    0.80  1.00  1.00  0.68  1.00  0.82  0.94  1.00  1.00  0.88  ...  1.00   \n14    0.78  0.90  0.84  0.70  0.90  0.74  0.82  0.90  0.92  0.90  ...  0.82   \n15    0.80  1.00  1.00  0.72  1.00  0.86  0.90  1.00  1.00  0.90  ...  0.98   \n16    0.82  1.00  1.00  0.68  1.00  0.86  0.94  1.00  1.00  0.86  ...  1.00   \n17    0.80  1.00  1.00  0.64  0.98  0.82  0.86  1.00  1.00  0.92  ...  1.00   \n18    0.38  0.32  0.32  0.38  0.30  0.32  0.36  0.34  0.32  0.40  ...  0.36   \n19    0.74  0.96  0.92  0.64  0.96  0.82  0.82  0.92  0.94  0.80  ...  0.92   \n\nUser   601   602   603   604   605   606   607   608   609  \nUser                                                        \n0     0.78  0.42  0.76  0.76  0.42  0.72  0.34  0.78  0.32  \n1     1.00  0.56  1.00  1.00  0.44  0.98  0.48  1.00  0.42  \n2     0.96  0.64  1.00  1.00  0.36  0.96  0.46  1.00  0.36  \n3     0.70  0.32  0.72  0.74  0.40  0.68  0.36  0.70  0.40  \n4     1.00  0.60  1.00  1.00  0.46  0.96  0.46  1.00  0.40  \n5     0.82  0.42  0.82  0.80  0.38  0.90  0.50  0.82  0.34  \n6     0.92  0.46  0.94  0.94  0.44  0.88  0.32  0.94  0.40  \n7     1.00  0.56  1.00  1.00  0.46  0.96  0.42  1.00  0.38  \n8     1.00  0.60  1.00  1.00  0.46  0.98  0.38  1.00  0.42  \n9     0.88  0.50  0.92  0.92  0.40  0.84  0.48  0.94  0.36  \n10    0.98  0.56  1.00  1.00  0.42  0.98  0.48  1.00  0.38  \n11    0.98  0.56  1.00  1.00  0.44  0.96  0.44  1.00  0.38  \n12    1.00  0.60  1.00  1.00  0.44  0.98  0.42  1.00  0.42  \n13    0.98  0.56  1.00  1.00  0.42  1.00  0.46  1.00  0.42  \n14    0.92  0.56  0.92  0.94  0.36  0.82  0.48  0.92  0.42  \n15    0.98  0.58  1.00  1.00  0.40  0.98  0.50  1.00  0.38  \n16    1.00  0.58  1.00  1.00  0.42  0.98  0.40  1.00  0.42  \n17    1.00  0.56  1.00  1.00  0.54  0.98  0.42  1.00  0.42  \n18    0.32  0.32  0.30  0.32  0.24  0.34  0.32  0.32  0.36  \n19    0.90  0.52  0.90  0.86  0.46  0.82  0.38  0.92  0.36  \n\n[20 rows x 610 columns]",
